69 104 60 12 2048 8

COMS0031121004@程序设计原理与C语言 0 6 0
COMS0031121009@数据结构 0 9 0
COMS0031121013@数学分析I 0 10 0
COMS0031121015@数字逻辑电路 0 8 0
COMS0031131013@离散数学 0 6 0
COMS0031131022@信息系统安全概论 0 4 1
COMS0031131026@计算机导论 0 4 0
COMS0031131036@计算机网络 0 7 0
COMS0031131037@嵌入式系统原理与实践 0 8 0
COMS0031131046@计算机基础实践 0 2 1
COMS0031131047@信息工程伦理 0 2 0
COMS0031131050@计算机系统结构 0 8 0
COMS0031131051@数据库系统原理与实践 0 8 0
COMS0031132041@生物信息学 0 4 1
COMS0031132060@信号与系统 0 4 1
COMS0031132080@并行计算 0 6 1
COMS0031132095@自然语言处理导论 0 6 1
COMS0031132103@计算机图形学 0 5 1
COMS0031132105@深度学习基础与导论 0 4 1
COMS0031132107@写作与表达 0 2 1
COMS0031132112@强化学习基础 0 2 1
COMS0031132113@操作系统实践（进阶） 0 4 1
COMS0031132125@现代CAD技术（A） 0 6 1
COMS0031132128@计算机视觉 0 6 1
COMS0031132805@Web应用开发 0 4 1
COMS0031132993@游戏项目实践 0 4 1
COMS0031161001@大学物理B（一） 0 4 0
COMS0031232000@创新创业基础与实践 0 6 1
STAT0031121004@概率论与数理统计A 0 6 0
COMS0031121014@数学分析II 1 10 0
COMS0031131032@线性代数 1 6 0
COMS0031131039@数据挖掘 1 6 1
COMS0031131042@人工智能 1 6 0
COMS0031131043@编程思维与实践 1 4 0
COMS0031131048@编译原理与实践 1 8 0
COMS0031131049@计算机组成与实践 1 6 0
COMS0031131990@操作系统 1 8 0
COMS0031132011@计算机网络工程 1 6 1
COMS0031132033@网络安全基础 1 6 1
COMS0031132050@存储技术基础 1 4 1
COMS0031132059@多媒体技术 1 6 1
COMS0031132076@面向对象程序设计（基于Java） 1 6 1
COMS0031132077@面向对象程序设计（基于C++） 1 6 1
COMS0031132087@算法分析与设计 1 5 1
COMS0031132096@模式识别与机器学习 1 4 1
COMS0031132102@数字图像处理 1 6 1
COMS0031132123@统计学习算法导论 1 5 1
COMS0031132104@人机交互技术 1 4 1
COMS0031132106@数学建模 1 4 1
COMS0031132110@数据可视化 1 5 1
COMS0031132111@大数据系统 1 4 1
COMS0031132118@智能推荐系统 1 4 1
COMS0031132120@最优化方法 1 5 1
COMS0031132121@视觉感知与前沿技术 1 5 1
COMS0031132126@现代CAD技术（B） 1 6 1
COMS0031132127@计算机新技术前沿 1 2 1
COMS0031132991@可信机器学习 1 4 1
COMS0031132994@计算机动画 1 4 1
COMS0031161000@大学物理B（二） 1 8 0
SHKX0031111017@中国近现代史纲要 0 6 0
SHKX0031111016@思想道德与法治 0 6 0
SHKX0031111008@毛泽东思想和中国特色社会主义理论体系概论 1 6 0
SHKX0031111015@马克思主义基本原理 0 6 0
SHKX00311611000@习近平新时代中国特色社会主义思想概论 1 6 0
COEN0031161991@通用学术英语听说（高级） 0 4 0
COEN0031161992@通用学术英语读写（高级） 0 4 0
COEN0031111109@学术英语写作（高级） 1 4 0
COEN0031162002@中西文化比较 0 4 0
COEN0031111058@英语短篇小说赏析 1 4 0

COMS0031121004@程序设计原理与C语言 01@陆幼利副教授 0 0 0 15 0 0 0 262143
COMS0031121004@程序设计原理与C语言 02@肖春芸讲师 0 0 0 15 0 0 0 262143
COMS0031121004@程序设计原理与C语言 03@王峰副研究员 0 0 0 15 0 0 0 262143
COMS0031121009@数据结构 02@贺樑教授 0 12 0 0 108 0 0 262143
COMS0031121009@数据结构 03@杨静副教授 0 12 0 0 108 0 0 262143
COMS0031121009@数据结构 04@赵佳宝 0 12 0 0 108 0 0 262143
COMS0031121013@数学分析I 01@李智教授 12 0 3 0 12 0 0 262143
COMS0031121013@数学分析I 02@林绍辉研究员 12 0 3 0 12 0 0 262143
COMS0031121013@数学分析I 03@刘俊平讲师 12 0 3 0 12 0 0 262143
COMS0031121015@数字逻辑电路 01@续晋华副教授 0 0 0 103 0 0 0 262143
COMS0031121015@数字逻辑电路 02@吕岳教授 0 0 0 391 0 0 0 262143
COMS0031121015@数字逻辑电路 03@谭鑫 0 0 0 7 384 0 0 262143
COMS0031131013@离散数学 02@石东昱讲师 7 0 0 0 0 0 0 262143
COMS0031131013@离散数学 03@卢兴见副教授 7 0 0 0 0 0 0 262143
COMS0031131022@信息系统安全概论 01@李东副教授 0 0 0 284 0 0 0 262143
COMS0031131026@计算机导论 01@周爱民教授 0 12 0 0 0 0 0 262143
COMS0031131026@计算机导论 02@沙行勉教授 0 12 0 0 0 0 0 262143
COMS0031131036@计算机网络 01@陈蕾副教授 0 224 0 3 0 0 0 262143
COMS0031131036@计算机网络 02@陆刚副教授 0 992 0 0 0 0 0 262143
COMS0031131037@嵌入式系统原理与实践 01@沈建华副教授 0 15 0 3 0 0 0 262143
COMS0031131037@嵌入式系统原理与实践 02@李昌龙副教授 0 15 0 3 0 0 0 262143
COMS0031131046@计算机基础实践 01@金健副教授 0 0 0 0 96 0 0 262143
COMS0031131047@信息工程伦理 01@陈蕾副教授 0 12 0 0 0 0 0 511
COMS0031131050@计算机系统结构 01@魏同权副教授 0 0 0 12 12 0 0 262143
COMS0031131050@计算机系统结构 02@诸葛晴凤教授 0 0 0 12 12 0 0 262143
COMS0031131051@数据库系统原理与实践 01@徐飞教授 992 0 0 0 0 0 0 262143
COMS0031131051@数据库系统原理与实践 02@王晓玲教授 992 0 0 0 0 0 0 262143
COMS0031131051@数据库系统原理与实践 03@朱丹丹 992 0 0 0 0 0 0 262143
COMS0031132041@生物信息学 01@江振然副教授 0 0 0 96 0 0 0 262143
COMS0031132060@信号与系统 01@谭鑫 0 96 0 0 0 0 0 262143
COMS0031132080@并行计算 01@钱莹副教授 0 0 0 0 480 0 0 262143
COMS0031132095@自然语言处理导论 01@杨燕副教授 0 0 0 15 0 0 0 262143
COMS0031132103@计算机图形学 01@李海晟副教授 3072 0 12 0 0 0 0 261888
COMS0031132105@深度学习基础与导论 01@谢源教授 0 0 0 96 0 0 0 262143
COMS0031132107@写作与表达 01@何高奇教授 0 3 0 0 0 0 0 511
COMS0031132112@强化学习基础 01@王祥丰教授 96 0 0 0 0 0 0 262143
COMS0031132113@操作系统实践（进阶） 01@吴苑斌副教授 15 0 0 0 0 0 0 262143
COMS0031132125@现代CAD技术（A） 01@李东副教授 0 0 15 0 0 0 0 262143
COMS0031132128@计算机视觉 01@全红艳副教授 15 0 0 0 0 0 0 262143
COMS0031132128@计算机视觉 01@徐飞教授 0 0 15 0 0 0 0 262143
COMS0031132805@Web应用开发 01@金健副教授 0 0 15 0 0 0 0 262143
COMS0031132993@游戏项目实践 01@李晨辉副教授 0 0 0 0 480 0 0 262143
COMS0031161001@大学物理B（一） 01@李波教授 0 0 0 96 0 0 0 262143
COMS0031161001@大学物理B（一） 02@胡志高教授 0 0 0 96 0 0 0 262143
COMS0031161001@大学物理B（一） 03@李亚巍副教授 0 0 12 0 0 0 0 262143
COMS0031232000@创新创业基础与实践 01@童卫青副教授 7168 0 0 0 0 0 0 511
STAT0031121004@概率论与数理统计A 01@赵静副研究员 224 0 0 0 0 0 0 262143
STAT0031121004@概率论与数理统计A 02@李海晟副教授 224 0 0 0 0 0 0 262143
STAT0031121004@概率论与数理统计A 03@武萍副教授 224 0 0 0 0 0 0 262143
COMS0031121014@数学分析II 01@沈超敏副教授 12 0 3 0 12 0 0 262143
COMS0031121014@数学分析II 02@刘俊平讲师 12 0 3 0 12 0 0 262143
COMS0031131032@线性代数 01@王峰副研究员 3 0 12 0 0 0 0 262143
COMS0031131032@线性代数 02@钱鸿 3 0 12 0 0 0 0 262143
COMS0031131032@线性代数 03@张凯教授 3 0 12 0 0 0 0 262143
COMS0031131039@数据挖掘 01@兰曼教授 0 0 0 0 15 0 0 262143
COMS0031131042@人工智能 01@周爱民教授 0 480 0 0 0 0 0 262143
COMS0031131042@人工智能 02@陈琴研究员 0 480 0 0 0 0 0 262143
COMS0031131042@人工智能 03@周杰 0 480 0 0 0 0 0 262143
COMS0031131043@编程思维与实践 01@肖春芸讲师 224 0 0 0 0 0 0 262143
COMS0031131043@编程思维与实践 04@陆幼利副教授 224 0 0 0 0 0 0 262143
COMS0031131043@编程思维与实践 05@张伟教授 224 0 0 0 0 0 0 262143
COMS0031131048@编译原理与实践 01@谢瑾奎副教授 0 0 31 0 0 0 0 262143
COMS0031131048@编译原理与实践 03@钱莹副教授 0 0 31 0 0 0 0 262143
COMS0031131048@编译原理与实践 04@窦亮副教授 0 0 31 0 0 0 0 262143
COMS0031131049@计算机组成与实践 01@金健副教授 0 0 0 0 480 0 0 262143
COMS0031131049@计算机组成与实践 02@高杨研究员 0 0 0 0 480 0 0 262143
COMS0031131990@操作系统 01@石亮教授 0 0 31 0 0 0 0 262143
COMS0031131990@操作系统 04@李东副教授 0 0 31 0 0 0 0 262143
COMS0031132011@计算机网络工程 01@陆刚副教授 0 0 0 15 0 0 0 262143
COMS0031132033@网络安全基础 01@黄新力教授 0 15 0 0 0 0 0 262143
COMS0031132050@存储技术基础 01@陈蕾副教授 0 96 0 0 0 0 0 262143
COMS0031132059@多媒体技术 01@杨静副教授 0 0 0 480 0 0 0 262143
COMS0031132076@面向对象程序设计（基于Java） 01@吴苑斌副教授 0 0 0 99 0 0 0 262143
COMS0031132077@面向对象程序设计（基于C++） 01@陆幼利副教授 0 0 0 480 0 0 0 262143
COMS0031132077@面向对象程序设计（基于C++） 02@肖春芸讲师 0 0 0 480 0 0 0 262143
COMS0031132087@算法分析与设计 01@肖春芸讲师 0 0 0 15 0 0 0 262143
COMS0031132087@算法分析与设计 02@何高奇教授 0 0 0 15 0 0 0 262143
COMS0031132096@模式识别与机器学习 02@赵静副研究员 96 0 0 0 0 0 0 262143
COMS0031132102@数字图像处理 01@张倩副研究员 480 0 0 0 0 0 0 262143
COMS0031132104@人机交互技术 01@王长波教授、孙玉灵 3 0 0 0 0 0 0 262143
COMS0031132106@数学建模 01@石东昱讲师 0 12 0 0 0 0 0 262143
COMS0031132110@数据可视化 02@李晨辉副教授 0 0 0 0 15 0 0 87381
COMS0031132111@大数据系统 01@高岩副教授 96 0 0 0 0 0 0 262143
COMS0031132118@智能推荐系统 01@张伟教授 0 0 0 3072 0 0 0 262143
COMS0031132120@最优化方法 01@王祥丰教授 0 0 0 0 15 0 0 262143
COMS0031132121@视觉感知与前沿技术 01@李洋副教授 0 0 0 240 0 0 0 174762
COMS0031132123@统计学习算法导论 01@张志忠 0 0 0 0 480 0 0 174762
COMS0031132126@现代CAD技术（B） 01@宋海川副教授 15 0 0 0 0 0 0 174762
COMS0031132127@计算机新技术前沿 01@王骏教授 96 0 0 0 0 0 0 261888
COMS0031132991@可信机器学习 01@赵静副研究员 0 384 0 0 0 0 0 262143
COMS0031132994@计算机动画 01@高岩副教授 384 0 0 0 0 0 0 262143
COMS0031161000@大学物理B（二） 01@李波教授 0 96 0 12 0 0 0 262143
COMS0031161000@大学物理B（二） 02@李亚巍副教授 0 12 0 12 0 0 0 262143
COMS0031161000@大学物理B（二） 03@商丽燕副教授 0 12 0 12 0 0 0 262143
SHKX0031111017@中国近现代史纲要 04@宋宏 224 0 0 0 0 0 0 262143
SHKX0031111016@思想道德与法治 24@祝毅 0 7168 0 0 0 0 0 262143
SHKX0031111008@毛泽东思想和中国特色社会主义理论体系概论 04@胡航 0 7168 0 0 0 0 0 262143
SHKX0031111015@马克思主义基本原理 20@苏尚 0 7168 0 0 0 0 0 262143
SHKX00311611000@习近平新时代中国特色社会主义思想概论 20@胡航 0 7168 0 0 0 0 0 262143
COEN0031161991@通用学术英语听说（高级） 04@李征 0 3 0 0 0 0 0 262143
COEN0031161992@通用学术英语读写（高级） 04@李辉 0 0 0 0 3 0 0 262143
COEN0031111109@学术英语写作（高级） 14@JingChenWeng 0 12 0 0 0 0 0 262143
COEN0031162002@中西文化比较 01@应琼 0 3 0 0 0 0 0 262143
COEN0031111058@英语短篇小说赏析 03@张佳秋 0 12 0 0 0 0 0 262143

COMS0031121009@数据结构 COMS0031131043@编程思维与实践
COMS0031121015@数字逻辑电路 COMS0031161000@大学物理B（二）
COMS0031131036@计算机网络 COMS0031131990@操作系统
COMS0031131037@嵌入式系统原理与实践 COMS0031131049@计算机组成与实践
COMS0031131050@计算机系统结构 COMS0031131049@计算机组成与实践
COMS0031131051@数据库系统原理与实践 COMS0031131990@操作系统
COMS0031132041@生物信息学 COMS0031131026@计算机导论
COMS0031132060@信号与系统 COMS0031121014@数学分析II
COMS0031132080@并行计算 COMS0031121009@数据结构
COMS0031131022@信息系统安全概论 COMS0031131042@人工智能
COMS0031131047@信息工程伦理 COMS0031131042@人工智能
COMS0031132118@智能推荐系统 COMS0031121009@数据结构
COMS0031132118@智能推荐系统 COMS0031131042@人工智能
COMS0031132095@自然语言处理导论 COMS0031131026@计算机导论
COMS0031132095@自然语言处理导论 COMS0031131013@离散数学
COMS0031132105@深度学习基础与导论 COMS0031131026@计算机导论
COMS0031132105@深度学习基础与导论 COMS0031131013@离散数学
COMS0031132112@强化学习基础 COMS0031131026@计算机导论
COMS0031132112@强化学习基础 COMS0031131013@离散数学
COMS0031232000@创新创业基础与实践 COMS0031131026@计算机导论
COMS0031132113@操作系统实践（进阶） COMS0031131990@操作系统
COMS0031132103@计算机图形学 COMS0031132077@面向对象程序设计（基于C++）
COMS0031132103@计算机图形学 COMS0031121014@数学分析II
COMS0031132103@计算机图形学 COMS0031121009@数据结构
COMS0031132128@计算机视觉 COMS0031132103@计算机图形学
COMS0031132993@游戏项目实践 COMS0031121009@数据结构
STAT0031121004@概率论与数理统计A COMS0031131032@线性代数
STAT0031121004@概率论与数理统计A COMS0031121014@数学分析II
COMS0031121014@数学分析II COMS0031121013@数学分析I
COMS0031131039@数据挖掘 COMS0031121009@数据结构
COMS0031131042@人工智能 COMS0031131026@计算机导论
COMS0031131043@编程思维与实践 COMS0031131026@计算机导论
COMS0031131048@编译原理与实践 COMS0031121009@数据结构
COMS0031131049@计算机组成与实践 COMS0031121015@数字逻辑电路
COMS0031131990@操作系统 COMS0031121009@数据结构
COMS0031131990@操作系统 COMS0031131026@计算机导论
COMS0031132011@计算机网络工程 COMS0031131036@计算机网络
COMS0031132033@网络安全基础 COMS0031131036@计算机网络
COMS0031132050@存储技术基础 COMS0031131026@计算机导论
COMS0031132076@面向对象程序设计（基于Java） COMS0031121004@程序设计原理与C语言
COMS0031132077@面向对象程序设计（基于C++） COMS0031121004@程序设计原理与C语言
COMS0031132087@算法分析与设计 COMS0031131043@编程思维与实践
COMS0031132102@数字图像处理 COMS0031132103@计算机图形学
COMS0031132106@数学建模 COMS0031131013@离散数学
COMS0031132111@大数据系统 COMS0031132110@数据可视化
COMS0031132120@最优化方法 COMS0031131032@线性代数
COMS0031132994@计算机动画 COMS0031132103@计算机图形学
COMS0031132126@现代CAD技术（B） COMS0031132125@现代CAD技术（A）
COMS0031161000@大学物理B（二） COMS0031161001@大学物理B（一）
COMS0031131022@信息系统安全概论 COMS0031132087@算法分析与设计
COMS0031131047@信息工程伦理 SHKX00311611000@习近平新时代中国特色社会主义思想概论
COMS0031131047@信息工程伦理 COEN0031111058@英语短篇小说赏析
SHKX0031111008@毛泽东思想和中国特色社会主义理论体系概论 SHKX0031111017@中国近现代史纲要
SHKX0031111008@毛泽东思想和中国特色社会主义理论体系概论 SHKX0031111016@思想道德与法治
SHKX0031111015@马克思主义基本原理 SHKX0031111008@毛泽东思想和中国特色社会主义理论体系概论
SHKX00311611000@习近平新时代中国特色社会主义思想概论 SHKX0031111015@马克思主义基本原理
COEN0031111109@学术英语写作（高级） COEN0031161991@通用学术英语听说（高级）
COEN0031111109@学术英语写作（高级） COEN0031161992@通用学术英语读写（高级）
COEN0031162002@中西文化比较 COEN0031111109@学术英语写作（高级）
COEN0031111058@英语短篇小说赏析 COEN0031111109@学术英语写作（高级）

COMS0031121013@数学分析I COMS0031121014@数学分析II
COMS0031121004@程序设计原理与C语言 COMS0031131043@编程思维与实践
COMS0031121015@数字逻辑电路 COMS0031131049@计算机组成与实践
COMS0031161001@大学物理B（一） COMS0031161000@大学物理B（二）
COMS0031131032@线性代数 STAT0031121004@概率论与数理统计A
COMS0031132125@现代CAD技术（A） COMS0031132126@现代CAD技术（B）
SHKX0031111017@中国近现代史纲要 SHKX0031111008@毛泽东思想和中国特色社会主义理论体系概论
SHKX0031111016@思想道德与法治 SHKX0031111008@毛泽东思想和中国特色社会主义理论体系概论
SHKX0031111008@毛泽东思想和中国特色社会主义理论体系概论 SHKX0031111015@马克思主义基本原理
SHKX0031111015@马克思主义基本原理 SHKX00311611000@习近平新时代中国特色社会主义思想概论
COEN0031161991@通用学术英语听说（高级） COEN0031111109@学术英语写作（高级）
COEN0031161992@通用学术英语读写（高级） COEN0031111109@学术英语写作（高级）